160
4 13 498 497 496
4 12 494 493 492
4 11 490 489 488
4 10 486 485 484
4 9 482 481 480
4 8 478 477 476
4 7 474 473 472
4 6 470 469 468
4 5 466 465 464
4 4 462 461 460
4 3 458 457 456
4 2 454 453 452
4 1 450 449 448
4 0 446 445 444
4 6 433 441 440
4 5 412 437 436
4 4 420 433 432
4 3 430 429 428
4 2 421 425 424
4 1 388 421 420
4 0 410 417 416
4 11 300 413 412
4 10 278 409 408
4 9 270 405 404
4 8 173 401 400
4 7 280 397 396
4 6 265 393 392
4 5 256 389 388
4 4 279 385 384
4 3 238 381 380
4 2 233 377 376
4 1 271 373 372
4 0 215 369 368
4 10 154 365 364
4 9 81 361 360
4 8 60 357 356
4 7 84 353 352
4 6 63 349 348
4 5 49 345 344
4 4 42 341 340
4 3 79 337 336
4 2 136 333 332
4 1 119 329 328
4 0 81 325 324
4 19 51 321 320
4 18 18 317 316
4 17 19 313 312
4 16 53 309 308
4 15 27 305 304
4 14 32 301 300
4 13 26 297 296
4 12 11 293 292
4 10 7 289 288
4 8 34 285 284
4 7 126 281 280
4 6 37 277 276
4 5 43 273 272
4 4 34 269 268
4 3 107 265 264
4 2 103 261 260
3 1 66 248
3 0 71 233
3 19 3 251
3 17 17 248
3 16 13 245
3 14 76 165
3 13 78 155
3 12 31 212
3 11 95 171
3 10 8 218
3 8 35 221
3 7 102 177
3 6 32 213
3 5 4 218
3 3 89 116
3 2 54 111
3 1 58 66
3 0 17 178
3 27 26 170
3 25 23 85
3 23 6 153
3 21 0 187
3 19 12 158
3 17 9 170
3 15 11 129
3 13 4 106
3 11 1 151
3 9 69 102
3 8 62 9
3 7 63 52
3 6 5 107
3 4 59 74
3 3 54 60
3 2 55 74
3 1 43 20
3 0 35 112
3 50 29 125
3 48 43 116
3 46 42 35
3 43 39 101
3 41 32 3
3 38 32 16
3 35 29 92
3 33 28 25
3 30 24 97
3 28 21 0
3 25 19 13
3 22 20 5
3 19 9 8
3 16 11 67
3 14 5 68
3 12 8 80
3 10 1 71
3 8 7 52
3 6 73 71
3 5 71 61
3 4 68 59
3 3 64 43
3 2 62 56
3 1 57 54
2 0 55
2 55 54
2 53 50
2 51 50
2 49 48
2 47 46
2 45 42
2 43 39
2 41 37
2 39 38
2 37 36
2 35 33
2 33 32
2 31 30
2 29 28
2 27 24
2 25 23
2 23 22
2 21 20
2 19 17
2 17 16
2 15 14
2 13 12
2 11 10
2 9 3
2 7 6
2 5 3
2 3 2
2 1 0
2 21 20
2 19 18
2 17 16
2 15 14
2 13 12
2 11 10
2 9 7
2 7 6
2 5 3
2 3 1
2 1 0