1628
4 0 0 0 0
4 0 1 0 1
4 0 1 2 1
4 0 2 0 2
4 0 0 1 0
4 1 0 2 2
4 0 0 0 0
4 0 1 2 1
4 0 0 6 0
4 0 3 2 2
4 0 0 0 1
4 0 1 1 0
4 1 3 2 7
4 0 0 0 10
4 0 0 6 1
4 0 0 0 2
4 1 0 0 8
4 0 2 3 10
4 0 0 5 8
4 0 0 3 3
4 0 0 1 1
4 0 4 7 0
4 0 4 10 1
4 0 4 0 1
4 0 3 8 9
4 0 3 3 1
4 0 2 7 0
4 0 3 6 0
4 0 0 17 2
4 0 0 0 4
4 0 1 4 18
4 1 4 2 2
4 0 0 3 14
4 2 2 5 6
4 1 2 3 2
4 0 0 4 1
4 0 8 6 2
4 1 0 0 10
4 1 1 4 9
4 0 4 5 2
4 1 2 7 3
4 0 0 0 9
4 2 4 0 4
4 0 4 9 2
4 0 0 1 25
4 0 0 8 5
4 3 2 2 9
4 1 11 1 13
4 0 11 3 8
4 0 3 1 4
4 1 4 0 0
4 0 0 14 1
4 0 1 10 32
4 0 4 16 5
4 0 2 9 0
4 0 4 2 20
4 0 6 20 26
4 0 1 3 4
4 0 0 11 5
4 1 6 6 10
4 0 0 0 5
4 0 1 12 11
4 0 0 5 17
4 0 4 1 8
4 0 1 22 0
4 1 0 10 3
4 0 3 10 28
4 1 1 12 15
4 0 1 12 8
4 0 1 2 1
4 0 1 0 9
4 0 20 5 26
4 2 0 4 13
4 0 0 0 23
4 0 4 8 17
4 2 10 3 3
4 1 0 1 20
4 0 13 14 36
4 0 8 10 14
4 1 1 5 0
4 3 10 9 20
4 2 2 0 9
4 0 6 4 28
4 0 0 2 9
4 1 0 13 3
4 2 3 5 0
4 0 3 0 13
4 1 4 12 3
4 0 1 0 41
4 0 7 6 1
4 0 2 9 20
4 1 8 0 7
4 0 1 8 10
4 1 1 6 9
4 0 0 1 4
4 0 4 1 7
4 0 3 0 2
4 1 1 21 28
4 0 1 23 8
4 1 0 1 14
4 0 2 3 39
4 0 0 7 9
4 0 0 1 4
4 0 1 14 2
4 0 0 12 6
4 3 1 8 2
4 1 0 5 15
4 0 4 15 3
4 2 11 7 13
4 1 3 0 18
4 1 3 3 10
4 0 0 1 15
4 0 0 8 6
4 4 2 13 3
4 2 4 5 4
4 1 0 2 1
4 0 0 6 4
4 2 0 22 24
4 0 2 6 9
4 5 3 1 1
4 1 1 0 8
4 1 0 8 5
4 2 2 24 19
4 1 0 4 30
4 0 5 0 16
4 1 17 1 4
4 0 10 3 31
4 1 13 12 12
4 0 6 1 1
4 0 1 6 0
4 0 11 12 9
4 3 2 17 2
4 1 4 39 30
4 0 8 1 37
4 0 0 14 6
4 0 7 21 38
4 1 8 3 16
4 0 5 0 27
4 0 9 1 16
4 1 0 13 1
4 1 11 1 19
4 0 6 3 38
4 2 3 2 0
4 0 5 16 4
4 1 2 4 1
4 0 0 35 28
4 2 7 1 19
4 0 2 14 11
4 3 2 0 2
4 0 0 21 11
4 1 4 11 1
4 0 4 12 21
4 3 6 6 1
4 1 14 1 22
4 0 0 4 0
4 2 2 0 13
4 0 6 23 15
4 2 4 3 12
4 1 1 5 1
4 0 2 14 4
4 2 24 12 18
4 1 2 6 43
4 0 1 16 4
4 0 6 0 10
4 3 5 11 26
4 2 0 0 13
4 3 9 16 5
4 2 2 3 0
4 0 26 3 24
4 0 25 0 12
4 0 6 15 20
4 2 1 4 31
4 0 6 19 8
4 5 1 20 9
4 3 5 20 7
4 2 0 9 6
4 0 2 23 15
4 1 2 10 28
4 0 6 13 12
4 0 7 18 25
4 0 6 10 15
4 0 3 1 4
4 2 15 1 9
4 0 0 6 4
4 4 3 5 4
4 2 1 1 13
4 0 4 8 4
4 0 17 4 24
4 3 12 11 8
4 2 4 10 33
4 1 8 21 28
4 0 0 1 31
4 0 18 2 19
4 2 10 8 28
4 1 3 26 4
4 0 15 0 14
4 0 17 13 7
4 2 14 15 20
4 1 3 2 22
4 0 8 6 2
4 1 1 4 39
4 0 1 0 3
4 0 14 14 0
4 2 13 34 22
4 1 2 0 24
4 1 8 2 12
4 0 4 0 19
4 3 11 8 2
4 1 9 5 18
4 0 1 4 0
4 2 10 1 16
4 0 3 3 26
4 2 5 2 3
4 1 1 6 0
4 0 5 18 53
4 4 8 6 28
4 3 4 24 11
4 2 12 9 34
4 1 19 0 26
4 5 13 6 41
4 4 3 29 15
4 2 1 2 2
4 0 4 3 71
4 0 4 17 16
4 3 16 14 27
4 2 9 5 9
4 1 13 30 20
4 0 3 11 14
4 6 5 22 21
4 4 29 17 16
4 3 0 21 42
4 1 10 0 12
4 0 5 0 13
4 5 1 19 56
4 3 2 30 2
4 1 2 1 9
4 0 6 29 8
4 6 0 0 0
4 2 4 1 23
4 0 2 11 6
4 2 2 0 4
4 0 5 15 10
4 4 4 36 22
4 3 1 0 5
4 0 16 19 48
4 3 2 20 15
4 1 3 0 12
4 2 0 23 10
4 0 7 13 2
4 5 4 1 14
4 2 21 20 0
4 0 2 32 3
4 2 1 36 13
4 0 8 5 4
4 4 14 0 95
4 2 1 19 26
4 0 17 1 11
4 3 18 16 3
4 2 9 5 0
4 0 0 0 11
4 5 4 4 19
4 3 0 0 42
4 0 13 0 60
4 3 34 11 36
4 2 9 16 21
4 1 2 26 9
4 0 16 13 25
4 6 7 4 50
4 4 0 20 4
4 2 5 11 4
4 1 1 6 7
4 0 4 2 16
4 2 14 12 5
4 1 10 12 22
4 0 7 4 8
4 3 0 17 10
4 1 0 10 6
4 3 3 5 40
4 2 25 23 26
4 1 0 21 16
4 4 3 28 19
4 2 0 22 3
4 0 1 9 17
4 2 1 1 27
4 0 15 13 5
4 6 4 4 1
4 2 0 2 19
4 0 1 7 44
4 1 3 7 2
4 0 1 19 8
4 1 0 13 18
4 5 11 15 30
4 4 3 7 26
4 2 8 1 10
4 0 8 12 14
4 4 1 26 0
4 1 4 23 71
4 0 2 23 9
4 1 23 34 10
4 0 18 25 9
4 8 14 3 11
4 6 13 6 39
4 5 8 3 4
4 3 4 16 24
4 2 0 9 20
4 0 33 42 19
4 2 7 4 13
4 1 29 24 16
4 0 10 3 1
4 4 1 9 19
4 2 0 24 8
4 0 10 9 8
4 5 15 7 3
4 3 0 10 25
4 1 12 1 14
4 0 8 9 31
4 2 20 24 2
4 1 5 28 17
4 0 1 10 7
4 2 0 13 35
4 0 4 7 2
4 7 14 30 15
4 6 5 19 0
4 3 1 5 15
4 1 7 6 7
4 0 2 2 53
4 2 1 0 1
4 3 18 1 11
4 1 0 10 36
4 6 4 7 16
4 4 3 0 25
4 1 0 36 4
4 4 8 22 3
4 2 4 2 24
4 1 2 8 17
4 0 12 21 21
4 8 10 11 11
4 7 21 60 10
4 6 4 13 5
4 4 0 34 12
4 2 7 26 41
4 1 19 14 9
4 0 8 14 4
4 4 2 17 0
4 1 17 3 26
4 0 6 30 62
4 1 4 37 22
4 0 11 15 59
4 4 0 18 18
4 2 3 25 15
4 1 1 7 18
4 0 16 24 4
4 3 11 2 6
4 1 3 50 18
4 0 34 2 3
4 5 26 16 36
4 4 24 8 14
4 3 2 12 5
4 1 30 39 15
4 0 0 6 24
4 5 7 8 8
4 4 25 33 8
4 3 15 2 5
4 1 8 24 7
4 0 9 17 20
4 4 9 4 21
4 3 24 12 48
4 2 0 2 47
4 0 35 7 26
4 2 7 1 7
4 0 4 3 37
4 3 0 17 36
4 1 0 8 18
4 7 5 13 53
4 5 4 21 22
4 3 1 11 4
4 1 7 1 4
4 0 6 7 20
4 5 2 13 27
4 3 1 26 4
4 1 8 11 65
4 0 5 14 30
4 4 0 27 7
4 2 13 26 10
4 1 13 45 67
4 0 2 2 46
4 2 3 0 2
4 0 6 9 6
4 5 11 10 0
4 3 0 16 1
4 0 12 2 12
4 5 3 3 30
4 2 15 2 11
4 1 23 1 37
4 0 7 14 11
4 10 9 5 22
4 7 6 6 11
4 5 4 7 61
4 3 8 20 3
4 2 1 2 0
4 2 2 16 45
4 1 11 3 40
4 0 7 1 39
4 4 3 0 27
4 1 9 4 20
4 0 6 5 22
4 4 2 17 28
4 2 9 8 1
4 0 15 9 16
4 7 4 4 20
4 4 2 54 4
4 2 11 6 12
4 1 15 19 1
4 0 9 4 5
4 3 22 11 39
4 2 0 26 12
4 0 4 16 15
4 4 5 4 7
4 3 3 23 30
4 2 9 32 4
4 1 5 58 0
4 3 10 16 86
4 2 1 7 105
4 0 3 51 4
4 8 2 14 29
4 6 24 9 29
4 5 2 1 18
4 2 11 8 4
4 1 3 13 9
4 0 3 70 47
4 3 14 50 22
4 2 20 4 8
4 1 17 16 24
4 0 26 1 4
4 3 0 6 9
4 1 30 28 22
4 0 1 9 13
4 8 18 42 86
4 7 15 6 2
4 4 3 63 47
4 2 7 20 15
4 1 17 27 4
4 0 6 5 4
4 3 30 13 12
4 2 24 45 57
4 1 9 10 42
4 0 31 43 31
4 7 16 0 17
4 5 4 32 26
4 3 1 28 2
4 1 23 7 74
4 0 8 5 8
4 7 8 51 24
4 6 5 13 0
4 3 0 2 18
4 1 6 20 27
4 0 16 16 1
4 6 1 11 1
4 3 6 2 44
4 1 5 38 23
4 0 12 18 5
4 4 12 28 38
4 3 10 1 19
4 1 18 4 9
4 0 3 11 19
4 6 20 10 8
4 5 4 13 24
4 3 5 6 10
4 2 5 1 14
4 0 9 4 13
4 3 2 1 13
4 0 3 2 0
4 5 4 14 54
4 3 21 30 25
4 2 0 31 22
4 0 1 63 7
4 7 4 38 44
4 5 12 35 31
4 4 13 23 47
4 3 8 2 27
4 1 20 13 8
4 0 11 3 4
4 8 6 16 74
4 6 2 37 9
4 4 2 2 22
4 1 8 28 20
4 0 4 20 6
4 7 17 24 18
4 6 19 10 3
4 4 9 14 2
4 2 23 13 23
4 1 5 10 30
4 0 4 1 16
4 6 34 18 0
4 4 10 4 88
4 3 4 17 24
4 2 5 19 76
4 1 1 17 12
4 0 17 3 26
4 2 1 6 21
4 0 3 8 26
4 9 6 21 3
4 6 5 12 36
4 4 17 35 14
4 3 18 0 20
4 1 13 38 62
4 0 1 10 43
4 11 2 9 47
4 8 5 0 77
4 5 3 4 5
4 3 14 11 18
4 2 11 11 8
4 1 19 17 11
4 0 21 5 2
4 6 5 3 32
4 3 9 5 9
4 2 3 10 12
4 1 1 15 2
4 0 3 1 26
4 4 37 12 11
4 3 11 40 4
4 2 30 0 36
4 0 20 4 1
4 6 4 14 59
4 4 2 2 0
4 0 12 8 12
4 13 9 18 21
4 11 10 3 5
4 7 3 10 13
4 5 4 9 47
4 3 16 35 36
4 2 1 26 8
4 0 27 3 32
4 10 8 41 10
4 8 4 22 55
4 6 11 32 2
4 4 9 10 8
4 3 0 16 3
4 1 7 23 60
4 0 14 4 8
4 7 0 12 1
4 4 11 8 10
4 3 1 17 3
4 1 4 7 27
4 0 12 45 28
4 4 1 13 75
4 2 10 20 38
4 1 0 21 33
4 13 8 21 14
4 11 2 14 21
4 9 17 16 33
4 8 1 21 28
4 6 2 16 1
4 3 8 40 23
4 2 8 3 2
4 1 5 1 17
4 0 13 10 28
4 3 1 7 76
4 1 2 17 7
4 0 1 14 51
4 5 19 19 10
4 4 3 42 37
4 2 27 26 9
4 1 5 25 19
4 0 3 24 0
4 8 5 2 43
4 5 15 13 3
4 3 8 1 23
4 1 1 2 28
4 0 20 15 2
4 4 2 0 4
4 1 4 38 12
4 0 7 10 5
4 8 6 1 36
4 5 19 4 0
4 2 10 7 24
4 1 9 5 33
4 0 2 18 10
4 8 7 5 0
4 4 2 33 9
4 2 4 9 58
4 1 7 19 42
4 0 26 63 78
4 7 3 7 5
4 4 18 1 13
3 2 16 20
3 1 18 11
3 0 15 5
3 14 30 34
3 13 8 11
3 10 7 51
3 8 26 31
3 7 3 3
3 4 22 18
3 3 20 11
3 2 3 32
3 1 10 3
3 0 12 3
3 11 0 26
3 9 27 5
3 7 1 12
3 5 11 19
3 4 15 9
3 3 2 8
3 1 10 25
3 0 13 33
3 12 9 3
3 9 4 1
3 6 28 24
3 5 24 38
3 4 3 9
3 2 1 48
3 0 17 3
3 19 3 33
3 17 12 14
3 14 34 8
3 12 0 30
3 10 9 31
3 8 4 28
3 6 17 47
3 5 14 22
3 4 0 32
3 2 0 4
3 0 11 16
3 15 3 35
3 13 1 33
3 11 28 19
3 10 25 1
3 8 7 15
3 6 1 13
3 4 20 2
3 2 15 34
3 1 15 13
3 0 13 7
3 11 23 23
3 10 7 22
3 8 3 11
3 6 14 11
3 5 8 38
3 4 14 0
3 2 39 26
3 1 11 25
3 0 36 29
3 9 3 0
3 6 28 16
3 5 2 21
3 3 1 11
3 1 21 20
3 0 14 1
3 16 14 23
3 14 11 11
3 11 10 30
3 9 6 22
3 7 19 16
3 6 1 12
3 4 14 36
3 3 2 10
3 1 33 7
3 0 7 30
3 7 29 42
3 6 3 10
3 4 21 22
3 3 1 11
3 1 15 14
3 0 7 0
3 13 10 9
3 10 2 56
3 8 6 27
3 6 26 3
3 4 10 52
3 3 26 19
3 2 22 10
3 1 9 39
3 0 19 13
3 17 16 34
3 15 10 25
3 13 5 39
3 11 7 4
3 8 21 26
3 7 3 3
3 4 3 30
3 2 0 3
3 0 11 12
3 14 13 4
3 11 9 1
3 8 0 16
3 6 23 14
3 5 9 1
3 3 2 16
3 1 1 19
3 0 13 24
3 12 25 20
3 11 9 4
3 8 18 19
3 7 4 21
3 5 3 38
3 3 12 25
3 2 12 12
3 1 38 22
3 0 7 1
3 8 3 0
3 5 23 10
3 4 0 20
3 2 19 10
3 1 17 15
3 0 2 2
3 15 13 21
3 13 10 55
3 11 8 39
3 9 3 2
3 6 29 23
3 5 32 45
3 4 2 31
3 2 17 33
3 1 20 2
3 0 19 13
3 21 20 29
3 19 15 13
3 16 14 24
3 14 6 6
3 11 9 8
3 8 4 17
3 6 5 4
3 3 6 5
3 2 9 1
3 0 24 48
3 6 23 39
3 5 3 17
3 3 16 30
3 2 14 4
3 1 0 7
3 11 9 15
3 9 2 30
3 7 6 18
3 5 25 10
3 4 2 3
3 2 1 13
3 0 10 16
3 15 10 8
3 12 8 59
3 10 29 28
3 9 4 2
3 6 4 0
3 3 1 50
3 1 22 20
3 0 16 17
3 20 10 7
3 17 15 14
3 14 10 11
3 11 5 31
3 9 4 0
3 6 28 22
3 5 25 3
3 3 0 14
3 1 16 12
3 0 18 15
3 16 9 12
3 13 11 23
3 11 32 7
3 9 2 0
3 6 5 7
3 4 2 6
3 2 20 7
3 1 15 11
3 0 10 2
3 12 10 41
3 10 9 36
3 8 2 1
3 5 34 21
3 4 3 61
3 2 33 1
3 0 30 26
3 28 25 13
3 25 19 5
3 22 19 18
3 19 7 31
3 17 15 32
3 15 4 1
3 12 11 34
3 10 8 5
3 7 30 41
3 6 5 22
3 4 25 11
3 3 19 46
3 2 0 12
3 0 17 3
3 15 0 23
3 13 1 12
3 11 9 3
3 8 2 31
3 6 29 2
3 4 21 20
3 3 22 50
3 2 0 48
3 0 1 11
3 17 15 15
3 14 13 27
3 12 11 6
3 9 6 35
3 7 2 1
3 4 28 8
3 3 5 0
3 1 0 21
3 22 20 3
3 19 14 7
3 16 14 33
3 14 43 41
3 13 12 26
3 11 2 7
3 8 3 32
3 6 2 23
3 4 0 50
3 2 23 0
3 0 19 6
3 27 20 19
3 24 23 10
3 21 20 7
3 18 16 5
3 15 14 5
3 12 10 28
3 10 8 0
3 7 5 3
3 4 1 21
3 2 24 22
3 1 23 61
3 0 18 54
3 20 14 48
3 18 14 44
3 16 12 41
3 14 12 5
3 11 4 35
3 9 8 3
3 6 4 27
3 4 3 33
3 2 27 32
3 1 28 7
3 0 24 5
3 25 24 17
3 22 17 29
3 20 15 2
3 17 15 22
3 15 34 22
3 14 12 22
3 12 11 8
3 9 23 10
3 8 6 27
3 6 2 20
3 4 2 14
3 2 13 6
3 1 14 11
3 0 9 2
3 9 4 5
3 6 5 1
3 3 2 0
3 0 19 17
3 17 14 12
3 14 9 3
3 11 2 12
3 9 8 17
3 7 6 45
3 5 1 11
3 3 20 16
3 2 1 15
3 0 14 2
3 14 7 16
3 12 11 7
3 9 6 3
3 6 5 22
3 4 1 22
3 2 1 16
3 0 27 11
3 25 18 32
3 23 21 0
3 20 18 10
3 17 14 5
3 14 13 41
3 12 9 38
3 10 8 38
3 8 7 6
3 5 0 19
3 3 0 66
3 1 0 3
3 28 24 10
3 25 24 14
3 22 20 38
3 20 18 11
3 17 13 6
3 14 3 14
3 12 7 1
3 9 7 5
3 6 3 22
3 4 0 33
3 2 1 25
3 0 21 18
3 26 25 5
3 23 21 18
3 20 17 0
3 17 13 12
3 14 12 9
3 11 8 1
3 8 0 18
3 6 3 13
3 4 10 0
3 2 11 1
3 0 9 1
3 10 9 41
3 8 2 36
3 6 1 30
3 4 3 37
3 2 1 27
3 0 32 31
3 31 29 23
3 28 25 4
3 25 14 38
3 23 22 19
3 20 19 13
3 17 14 29
3 15 14 10
3 12 11 10
3 9 8 20
3 7 5 18
3 5 3 16
3 3 1 0
3 0 12 11
3 14 13 2
3 11 8 24
3 9 4 1
3 6 4 1
3 3 28 10
3 2 27 20
3 1 20 13
3 0 20 11
3 19 18 10
3 16 7 47
3 14 11 0
3 11 8 4
3 8 2 21
3 6 5 3
3 3 31 30
3 2 0 35
3 0 35 31
3 33 23 9
3 30 27 25
3 27 23 16
3 24 21 12
3 21 19 50
3 19 17 5
3 16 14 5
3 13 11 4
3 10 6 5
3 7 6 33
3 5 41 39
3 4 3 1
3 1 36 23
3 0 24 18
3 31 30 15
3 28 27 64
3 26 25 20
3 23 20 48
3 21 11 49
3 19 13 41
3 17 13 12
3 14 10 9
3 11 10 8
3 8 7 0
3 5 4 20
3 3 34 20
3 2 1 28
3 0 28 20
3 27 26 20
3 24 22 19
3 21 20 3
3 18 15 5
3 15 13 12
3 12 11 49
3 10 9 3
3 7 6 41
3 5 3 38
3 3 2 15
3 1 31 29
3 0 32 31
3 31 29 22
3 28 22 4
3 25 22 6
3 22 21 15
3 19 11 8
3 16 11 39
3 14 13 2
3 11 10 7
3 8 6 3
3 5 3 0
3 2 29 26
3 1 26 19
3 0 24 20
3 22 18 14
3 19 15 13
3 16 9 48
3 14 7 46
3 12 6 3
3 9 6 30
3 7 5 4
3 4 3 34
3 2 1 29
3 0 32 10
3 30 28 9
3 27 20 12
3 24 23 19
3 21 20 18
3 18 12 0
3 15 5 50
3 13 10 9
3 10 7 6
3 7 2 40
3 5 1 39
3 3 38 37
3 2 36 33
3 1 31 23
3 0 30 23
3 28 22 21
3 25 24 17
3 22 21 16
3 19 18 13
3 16 13 3
3 13 12 11
3 10 9 26
3 8 6 4
3 5 3 35
3 3 2 1
3 0 33 29
3 31 30 21
3 28 26 25
3 25 24 20
3 22 21 12
3 19 8 6
3 16 13 12
3 13 12 5
3 10 8 2
3 7 6 28
3 5 1 33
3 3 2 29
3 1 0 26
3 28 22 5
3 25 22 53
3 23 21 15
3 20 19 5
3 17 13 9
3 14 13 9
3 11 7 5
3 8 2 0
3 5 41 37
3 4 37 26
3 3 33 22
3 2 32 24
3 1 29 20
3 0 26 23
3 24 23 15
3 21 20 7
3 18 17 8
3 15 12 9
3 12 7 3
3 9 5 3
3 6 50 47
3 5 1 47
3 3 0 44
3 1 38 37
3 0 40 5
3 39 38 19
3 36 35 16
3 33 31 30
3 30 26 14
3 27 23 18
3 24 20 16
3 21 20 18
3 18 12 10
3 15 11 5
3 12 11 8
3 9 7 2
3 6 4 38
3 4 2 0
3 1 41 39
3 0 37 33
3 38 36 31
3 35 29 28
3 32 31 30
3 29 28 22
3 26 25 24
3 23 21 19
3 20 17 11
3 17 14 13
3 14 12 4
3 11 8 0
3 8 1 44
3 6 3 38
3 4 3 2
3 1 0 24
3 36 34 32
3 33 32 28
3 30 29 21
3 27 22 21
3 24 22 17
3 21 19 18
3 18 17 10
3 15 8 0
3 12 9 7
3 9 8 6
3 6 38 34
3 5 4 27
3 3 31 26
3 2 0 27
3 0 26 20
3 24 22 19
3 21 20 19
3 18 16 14
3 15 10 2
3 12 10 7
3 9 7 6
3 6 5 40
3 4 1 0
3 1 0 37
3 39 31 30
3 36 32 29
3 33 31 28
3 30 23 8
3 27 26 25
2 24 23
2 22 20
2 20 16
2 18 17
2 16 12
2 14 9
2 12 8
2 10 6
2 8 2
2 6 5
2 4 41
2 3 39
2 2 37
2 1 0
2 34 32
2 32 30
2 30 29
2 28 26
2 26 24
2 24 23
2 22 18
2 20 19
2 18 17
2 16 14
2 14 12
2 12 11
2 10 9
2 8 4
2 6 5
2 4 3
2 2 1
2 0 34
2 34 28
2 32 28
2 30 28
2 28 27
2 26 25
2 24 22
2 22 20
2 20 19
2 18 13
2 16 14
2 14 13
2 12 4
2 10 9
2 8 5
2 6 2
2 4 3
2 2 0
2 0 37
2 40 32
2 38 36
2 36 35
2 34 32
2 32 29
2 30 28
2 28 23
2 26 25
2 24 22
2 22 19
2 20 19
2 18 17
2 16 15
2 14 13
2 12 10
2 10 9
2 8 4
2 6 4
2 4 42
2 3 40
2 2 0
2 0 33
2 35 30
2 33 31
2 31 29
2 29 27
2 27 26
2 25 24
2 23 21
2 21 20
2 19 17
2 17 16
2 15 14
2 13 12
2 11 9
2 9 8
2 7 3
2 5 4
2 3 0
2 1 32
2 0 34
2 34 28
2 32 29
2 30 29
2 28 27
2 26 25
2 24 21
2 22 20
2 20 19
2 18 17
2 16 15
2 14 12
2 12 4
2 10 9
2 8 7
2 6 5
2 4 2
2 2 0
2 0 33
2 32 31
2 30 28
2 28 26
2 26 25
2 24 21
2 22 21
2 20 19
2 18 17
2 16 14
2 14 11
2 12 11
2 10 9
2 8 7
2 6 2
2 4 3
2 2 42
2 1 0
2 40 37
2 38 33
2 36 34
2 34 33
2 32 31
2 30 29
2 28 27
2 26 24
2 24 15
2 22 21
2 20 18
2 18 16
2 16 15
2 14 13
2 12 10
2 10 8
2 8 6
2 6 5
2 4 3
2 2 63
2 1 60
2 0 60
2 59 58
2 57 54
2 55 54
2 53 51
2 51 50
2 49 44
2 47 42
2 45 43
2 43 42
2 41 40
2 39 37
2 37 36
2 35 33
2 33 32
2 31 30
2 29 28
2 27 26
2 25 23
2 23 19
2 21 18
2 19 17
2 17 15
2 15 14
2 13 12
2 11 10
2 9 8
2 7 5
2 5 4
2 3 44
2 2 41
2 1 39
2 0 39
2 38 36
2 36 34
2 34 33
2 32 30
2 30 29
2 28 27
2 26 24
2 24 23
2 22 20
2 20 18
2 18 17
2 16 12
2 14 13
2 12 11
2 10 9
2 8 7
2 6 2
2 4 3
2 2 37
2 1 0
2 34 28
2 32 31
2 30 29
2 28 27
2 26 24
2 24 22
2 22 21
2 20 19
2 18 16
2 16 12
2 14 13
2 12 9
2 10 7
2 8 7
2 6 2
2 4 0
2 2 1
2 0 37
2 37 36
2 35 34
2 33 30
2 31 29
2 29 25
2 27 25
2 25 24
2 23 22
2 21 20
2 19 18
2 17 16
2 15 12
2 13 11
2 11 9
2 9 8
2 7 6
2 5 2
2 3 2
2 1 0
2 39 38
2 37 36
2 35 33
2 33 32
2 31 28
2 29 27
2 27 25
2 25 19
2 23 21
2 21 19
2 19 18
2 17 16
2 15 13
2 13 7
2 11 10
2 9 8
2 7 6
2 5 0
2 3 34
2 2 1
2 0 31
2 30 29
2 28 22
2 26 20
2 24 23
2 22 21
2 20 19
2 18 17
2 16 15
2 14 12
2 12 10
2 10 9
2 8 7
2 6 5
2 4 2
2 2 1
2 0 45
2 47 46
2 45 44
2 43 42
2 41 36
2 39 37
2 37 36
2 35 33
2 33 32
2 31 29
2 29 28
2 27 26
2 25 24
2 23 22
2 21 20
2 19 16
2 17 16
2 15 11
2 13 12
2 11 10
2 9 8
2 7 4
2 5 4
2 3 2
2 1 0
2 59 58
2 57 54
2 55 54
2 53 52
2 51 50
2 49 48
2 47 45
2 45 41
2 43 39
2 41 36
2 39 37
2 37 36
2 35 33
2 33 32
2 31 29
2 29 27
2 27 26
2 25 24
2 23 18
2 21 20
2 19 14
2 17 14
2 15 14
2 13 12
2 11 7
2 9 8
2 7 6
2 5 3
2 3 2
2 1 0
2 44 42
2 42 41
2 40 39
2 38 36
2 36 35
2 34 33
2 32 31
2 30 28
2 28 27
2 26 25
2 24 23
2 22 20
2 20 19
2 18 16
2 16 15
2 14 13
2 12 11
2 10 9
2 8 7
2 6 3
2 4 3
2 2 37
2 1 0
2 34 33
2 32 29
2 30 29
2 28 24
2 26 25
2 24 22
2 22 21
2 20 18
2 18 15
2 16 14
2 14 11
2 12 10
2 10 9
2 8 7
2 6 5
2 4 3
2 2 0
2 0 45
2 44 42
2 42 37
2 40 38
2 38 37
2 36 35
2 34 33
2 32 31
2 30 26
2 28 27
2 26 24
2 24 23
2 22 18
2 20 16
2 18 16
2 16 15
2 14 13
2 12 10
2 10 8
2 8 7
2 6 5
2 4 3
2 2 0
2 0 49
2 48 47
2 46 41
2 44 42
2 42 41
2 40 37
2 38 35
2 36 34
2 34 32
2 32 29
2 30 29
2 28 26
2 26 25
2 24 23
2 22 21
2 20 19
2 18 13
2 16 15
2 14 13
2 12 11
2 10 9
2 8 7
2 6 4
2 4 3
2 2 1
2 0 54
2 53 52
2 51 50
2 49 47
2 47 46
2 45 44
2 43 41
2 41 40
2 39 38
2 37 36
2 35 34
2 33 32
2 31 30
2 29 28
2 27 25
2 25 21
2 23 22
2 21 20
2 19 18
2 17 16
2 15 14
2 13 11
2 11 10
2 9 8
2 7 6
2 5 3
2 3 2
2 1 37
2 0 36
2 35 34
2 33 28
2 31 30
2 29 28
2 27 25
2 25 24
2 23 21
2 21 17
2 19 13
2 17 16
2 15 14
2 13 8
2 11 10
2 9 6
2 7 6
2 5 3
2 3 1
2 1 0
2 41 39
2 39 38
2 37 35
2 35 26
2 33 32
2 31 30
2 29 28
2 27 26
2 25 24
2 23 22
2 21 19
2 19 17
2 17 15
2 15 13
2 13 12
2 11 8
2 9 7
2 7 6
2 5 1
2 3 48
2 2 1
2 0 47
2 46 44
2 44 43
2 42 41
2 40 39
2 38 36
2 36 34
2 34 33
2 32 31
2 30 29
2 28 25
2 26 25
2 24 23
2 22 21
2 20 18
2 18 17
2 16 14
2 14 13
2 12 11
2 10 9